subsystem,reaction_count
Unknown,1577
